2305708
2334155
2302953
2307323
2307961
2333622
2314947
2300491
2306237
2302430
2303245
2333981
2306232
2300494
2302550
2310905
2310904
2312005
2312251
2308409
2310471
2306867
2303635
2310479
2305130
2311287
2313620
2314241
2315211
2305328
2303785
2302218
2308439
2300558
2300436
2312747
2306257
2309127
2310045
2314248
2313712
2305714
2304346
2305832
2307335
2302563
2309112
2308543
2304980
2307971
2313011
2315311
2301026
2300332
2301149
2305221
2332699
2302475
2302231
2306790
2314589
2313018
2310823
2312966
2312052
2314597
2333096
2301256
2315281
2300566
2309535
2307357
2312858
2310158
2304243
2332729
2311249
2300519
2313595
2307705
2301206
2304790
2308876
2312706
2301042
2300593
2309441
2311576
2304789
2304304
2303731
2314292
2303217
2306721
2310499
2300460
2310013
2301152
2309672